vesselCount = 1
UT = 1207582.6366862168
gameMode = CAREER
gameNull = False
gameCompatible = True
funds = 197427.66735660061
science = 64
reputationPercent = 28
ongoingContracts = 0
missionCurrentScore = 0
missionIsStarted = False
missionIsEnded = False
missionHistoryId = 00000000-0000-0000-0000-000000000000
saveMD5 = 1d4a0172f921dfe80d892bf540afc453
